50
49 41 857
21 41 210
14 32 764
2 46 753
27 11 598
43 20 595
14 30 659
29 18 427
26 42 963
36 27 750
15 2 781
24 2 842
49 28 543
26 19 629
31 46 483
3 16 975
30 37 387
27 34 938
6 20 456
22 44 966
13 27 105
1 36 905
48 3 175
37 43 837
3 37 226
2 47 426
47 24 545
49 7 786
18 38 347
42 19 629
19 28 680
29 14 840
26 31 206
29 4 265
40 42 882
27 25 929
35 4 453
2 24 415
21 13 413
16 32 974
28 7 664
27 19 301
8 24 474
19 25 332
11 18 400
14 10 271
45 40 263
21 7 302
9 18 83
13 8 20
21 11 966
12 1 944
30 13 485
29 20 19
23 17 572
6 40 121
1 7 72
8 21 839
35 7 999
18 19 13
11 44 318
23 47 301
18 49 347
23 34 929
39 16 420
12 48 802
36 3 544
48 13 15
47 14 790
7 26 878
47 12 888
24 18 500
35 1 371
14 38 823
38 28 463
7 18 93
21 23 180
10 32 314
23 13 643
15 25 673
25 12 469
23 25 441
3 16 959
46 27 960
22 23 299
36 10 690
28 40 927
3 35 749
30 29 4
6 43 396
25 35 761
26 18 305
3 2 102
3 7 498
46 11 764
9 1 746
4 47 753
35 37 811
26 21 770
38 42 466
16 42 63
8 23 734
35 39 368
44 32 529
35 44 565
11 7 480
49 22 560
13 2 904
32 39 952
47 49 936
27 15 185
32 36 281
22 38 752
2 24 234
19 10 314
11 49 861
13 16 289
15 38 407
45 3 813
8 25 674
39 37 791
22 18 350
17 4 152
14 38 356
36 47 950
16 44 853
29 21 794
5 35 670
32 13 515
39 36 678
23 14 268
4 13 732
22 47 836
48 44 928
35 48 544
46 28 820
23 29 176
48 28 87
44 34 42
6 39 104
41 28 341
24 41 498
5 32 707
11 44 931
1 31 540
43 19 743
7 36 684
35 16 150
35 9 198
28 34 321
8 36 129
16 29 235
8 3 844
45 6 238
35 12 943
47 27 14
16 15 994
4 21 141
13 10 971
16 39 907
23 8 527
28 38 284
25 12 279
8 30 81
43 38 580
5 23 258
28 38 634
10 13 394
16 5 314
49 4 397
13 41 257
46 23 964
35 7 476
33 22 319
36 8 697
45 10 646
28 8 737
36 37 22
45 7 237
34 48 510
8 44 883
38 41 933
16 31 372
16 39 903
23 5 696
21 44 668
21 45 659
27 5 235
33 10 64
29 44 799
34 46 156
42 14 929
5 14 329
47 39 415
46 42 696
47 41 812
22 41 782
15 5 260
11 17 682
29 14 130
28 39 428
49 11 393
8 30 811
38 16 628
17 24 111
12 31 242
27 35 368
13 7 70
1 20 851
44 31 942
13 25 995
10 20 997
49 47 630
15 40 221
1 33 502
8 48 598
8 48 718
22 3 566
38 15 653
18 48 823
27 13 969
43 26 822
31 7 93
6 13 665
30 12 905
8 13 471
28 43 428
13 37 650
11 40 450
5 17 630
49 40 762
27 13 133
8 34 523
41 25 36
36 3 829
40 33 614
3 9 790
6 20 289
26 16 644
35 19 202
35 1 769
31 34 804
24 19 895
6 16 888
17 30 747
35 46 171
48 32 769
41 2 162
42 44 412
24 1 932
24 22 307
16 6 504
14 5 375
2 17 292
36 46 862
45 38 790
27 40 389
24 37 737
22 44 961
30 39 794
20 1 351
48 31 883
29 1 484
12 22 836
39 47 296
24 6 107
15 46 122
31 46 212
27 1 701
28 44 244
27 33 305
29 32 340
47 37 305
48 16 744
16 15 361
28 34 784
22 47 772
42 16 850
33 38 70
7 21 612
9 1 132
12 35 787
27 11 319
47 27 350
40 16 617
19 16 632
42 49 338
45 7 931
24 34 349
23 45 862
14 40 335
34 40 310
31 4 599
29 2 463
23 24 419
21 3 988
12 15 456
22 15 430
44 10 769
1 22 77
16 23 686
37 1 109
26 16 764
13 2 278
48 43 452
32 26 49
32 18 223
30 20 831
26 45 418
27 21 413
15 29 135
47 8 9
40 34 407
47 23 924
27 11 406
1 23 400
40 12 687
36 19 79
42 35 51
42 11 111
34 49 881
18 47 446
8 2 719
22 42 827
32 34 896
15 4 197
21 25 446
1 36 187
36 29 209
3 5 461
23 15 255
24 3 180
13 48 867
22 34 371
20 43 79
34 9 556
31 42 429
36 33 671
14 35 625
19 12 87
46 13 485
45 18 345
22 21 255
45 46 466
32 1 338
17 39 866
25 26 874
27 42 105
26 37 631
29 10 348
28 44 722
39 25 423
44 25 496
36 13 755
15 35 917
48 4 653
17 46 905
38 43 718
11 20 411
31 35 850
12 45 346
3 37 856
26 45 460
15 19 765
13 6 232
7 10 552
33 48 250
13 22 795
28 5 12
25 6 879
2 20 522
20 19 868
7 21 471
30 20 108
23 5 171
14 10 832
47 37 600
48 23 550
2 37 289
21 45 953
9 25 744
43 30 837
38 16 333
22 42 831
39 41 407
45 27 475
46 36 313
14 46 286
40 28 931
24 46 717
22 44 364
30 25 334
26 43 500
25 44 769
9 31 143
7 10 813
25 9 641
45 28 459
45 47 483
42 25 124
16 14 402
25 27 955
49 29 221
22 39 422
20 2 376
15 34 711
15 6 219
17 43 528
17 45 541
23 21 564
20 32 998
38 23 901
12 32 580
12 41 907
47 10 123
7 4 20
33 30 274
38 28 387
45 48 400
43 9 640
21 26 163
33 3 133
21 31 581
24 4 41
7 3 288
16 20 673
20 10 837
26 39 821
15 31 85
30 43 485
25 18 459
47 41 304
37 15 156
49 36 446
22 10 537
12 32 505
5 30 572
36 23 979
40 44 746
17 18 428
3 40 756
5 48 712
29 10 238
49 28 106
26 21 479
20 5 589
14 3 978
29 26 272
45 38 888
24 7 926
28 20 925
36 47 903
34 17 220
41 32 450
14 6 28
23 11 54
25 21 811
8 3 310
15 24 184
10 41 102
3 16 426
8 9 789
24 29 701
37 19 459
20 26 313
20 12 446
28 41 979
36 6 401
18 31 278
24 30 207
8 2 1
27 20 955
34 43 287
21 29 925
35 4 787
30 45 920
8 45 239
37 32 989
7 17 198
2 40 565
26 49 973
25 29 349
23 42 134
18 35 379
13 3 17
3 31 750
35 18 321
35 48 423
19 1 427
4 38 666
3 36 908
29 47 216
25 22 139
3 39 797
10 43 578
24 37 70
16 8 411
4 42 155
34 14 527
8 48 447
21 4 599
2 16 438
12 33 102
40 27 175
30 33 569
26 25 108
42 44 274
18 38 603
13 49 865
37 45 674
34 17 476
34 31 722
10 9 534
7 13 72
48 26 608
12 23 197
29 8 785
21 16 66
9 4 309
49 39 336
29 24 754
21 6 210
35 46 38
42 17 328
29 35 644
10 20 247
49 1 540
33 9 761
44 14 26
21 26 550
21 10 382
10 28 770
16 27 397
20 27 531
8 37 823
23 42 609
21 48 681
4 1 764
40 45 315
49 27 844
10 15 401
24 22 126
47 19 135
43 44 849
42 30 481
1 25 431
46 22 422
21 49 548
43 18 200
31 20 665
23 16 1
28 11 250
7 33 304
35 26 472
24 27 85
41 11 404
14 39 394
44 3 109
21 38 299
42 31 83
46 17 972
23 21 563
42 15 384
12 44 837
7 12 917
22 23 38
7 39 335
31 14 572
14 44 131
22 47 277
3 11 772
10 25 6
7 26 983
45 1 52
45 28 757
41 10 472
41 43 389
29 47 131
49 18 198
42 15 956
9 46 281
30 39 905
23 36 451
46 16 943
3 11 775
14 35 715
40 22 700
33 31 94
44 24 277
32 10 143
40 14 223
2 37 82
38 15 772
42 18 461
2 44 547
22 26 722
18 35 649
24 2 850
13 25 319
10 36 311
31 41 538
16 7 26
36 2 472
34 26 404
47 48 97
12 32 729
27 22 945
28 15 483
25 17 254
19 38 242
38 29 588
23 11 527
46 35 762
26 36 500
13 33 198
13 27 70
37 1 870
29 32 275
18 4 538
3 40 800
38 17 258
12 46 928
40 24 738
28 16 926
48 2 714
22 15 625
15 13 788
10 31 752
19 9 943
16 5 151
49 43 895
48 37 379
12 2 731
14 22 58
17 10 700
47 31 615
28 46 770
45 38 568
1 29 728
25 43 757
49 25 385
23 2 6
14 17 204
14 44 17
41 36 853
22 3 427
27 17 752
9 19 77
5 17 949
8 32 736
9 48 285
46 33 743
30 13 913
31 17 226
36 24 19
14 36 294
23 22 207
33 37 208
11 25 352
35 3 114
34 23 119
46 36 891
3 6 828
40 26 932
49 26 463
44 3 345
29 33 429
18 14 732
38 31 177
23 27 103
45 11 562
12 27 248
19 5 21
43 11 623
23 33 918
14 33 224
37 16 444
1 7 388
34 16 185
19 8 104
36 30 574
36 45 302
19 38 985
11 26 959
16 36 445
40 44 629
40 25 963
47 36 222
33 44 87
9 27 216
4 49 945
45 8 629
3 37 752
31 45 900
12 26 789
24 34 404
47 44 434
28 29 661
7 38 873
18 4 9
11 10 225
38 8 542
1 21 577
40 38 153
44 10 587
4 36 192
22 9 211
34 12 661
39 25 410
14 39 382
38 35 673
37 20 708
34 23 377
13 24 273
41 7 122
14 34 374
3 34 920
44 40 533
48 28 988
32 7 729
31 10 61
4 24 135
40 44 388
13 40 185
35 46 855
6 27 500
41 2 211
35 17 74
38 39 945
43 37 112
24 36 116
37 32 631
4 3 801
27 29 195
34 40 867
37 10 859
34 43 25
24 40 97
26 46 859
49 15 700
10 46 138
14 38 83
4 48 298
12 2 479
35 15 459
27 11 39
29 5 190
44 5 991
45 1 225
35 38 80
38 5 353
32 3 414
2 39 667
12 28 453
41 27 788
26 32 501
46 16 781
13 6 104
37 13 189
39 9 51
37 29 453
47 35 598
46 40 959
30 25 422
19 18 525
37 3 542
10 20 382
36 39 451
15 26 990
13 45 799
12 13 619
31 25 970
49 43 841
10 29 823
27 17 813
18 43 752
29 1 206
32 29 773
33 1 807
1 33 178
30 34 908
8 19 255
40 38 862
28 37 183
35 1 801
28 9 456
32 47 651
12 33 900
30 29 679
42 47 486
8 49 211
33 29 905
45 19 956
6 44 24
14 2 945
28 48 112
41 18 365
36 26 371
28 39 576
47 40 376
20 37 972
2 22 895
32 40 499
4 19 531
18 32 633
29 32 117
43 41 659
40 31 491
7 11 891
45 40 165
49 30 313
26 31 528
3 45 133
4 23 24
42 15 338
49 2 367
19 49 160
23 5 971
36 29 107
24 45 218
1 37 990
17 5 783
11 41 16
6 26 725
49 40 368
32 47 347
8 7 189
26 27 818
1 26 516
17 40 51
21 28 8
45 4 732
2 26 189
28 39 191
18 14 473
22 24 287
30 4 623
38 17 759
2 24 205
9 17 575
14 43 36
48 34 953
36 4 723
32 30 441
8 30 363
49 9 262
17 28 46
12 37 715
21 33 241
13 44 594
26 43 188
31 15 901
8 19 585
26 36 409
28 48 479
9 30 728
20 2 305
47 41 759
26 2 139
16 27 24
35 23 181
7 6 740
13 27 313
23 42 788
34 41 853
32 33 770
12 13 59
26 42 855
15 29 36
21 5 248
38 41 847
28 40 249
12 22 860
37 46 57
21 46 188
26 14 1
45 44 375
19 5 292
48 10 617
16 42 522
35 41 463
4 35 9
47 6 18
30 21 229
45 25 318
1 5 915
33 38 320
2 26 190
43 20 750
28 30 609
31 45 595
17 2 103
30 18 239
9 29 150
49 15 484
8 23 586
6 35 657
4 10 670
15 14 193
15 13 385
26 20 972
25 32 570
23 11 409
37 34 488
10 9 51
11 35 726
46 9 581
32 25 930
12 26 138
18 40 321
8 46 921
10 31 576
17 48 512
44 6 759
28 18 25
9 43 31
31 5 567
23 18 95
40 44 901
3 13 105
22 5 418
5 29 741
28 1 540
24 44 729
11 3 42
41 4 151
45 4 659
6 37 712
37 34 569
41 19 743
34 15 714
20 23 20
17 23 768
14 30 862
25 8 196
42 13 320
3 49 808
37 7 188
22 16 359
35 17 895
9 37 621
30 1 807
29 2 480
31 19 622
24 40 617
30 26 916
22 13 773
20 46 924
8 26 961
7 33 636
7 43 111
43 12 693
17 30 821
22 36 31
25 10 367
26 35 649
35 38 189
21 23 924
48 11 861
43 23 489
42 23 362
42 24 510
26 31 555
46 13 923
5 49 518
37 45 739
28 32 813
16 21 899
22 35 418
10 44 23
41 23 141
17 30 272
36 42 3
39 25 265
16 23 406
11 16 123
16 41 676
27 2 463
20 38 93
16 36 533
5 39 783
38 20 247
4 12 25
35 31 712
11 32 392
9 20 961
39 33 701
35 8 323
33 4 235
11 13 947
38 34 382
28 35 721
24 28 57
31 10 964
16 20 71
11 19 132
27 3 831
19 32 461