696
904
94
516
275
585
27
162
437
69
658
71
381
347
847
787
256
453
684
742
54
741
185
73
661
395
457
559
836
107
176
653
11
72
794
292
510
574
796
205
766
180
989
683
689
756
472
200
277
959
573
222
376
692
350
481
858
383
788
298
623
362
354
928
546
993
558
171
456
523
78
53
373
89
894
401
114
953
735
713
832
125
274
946
567
754
811
899
630
522
905
963
191
606
149
436
565
368
773
846
764
253
455
500
34
844
63
739
480
468
827
907
525
678
484
731
13
892
720
913
328
677
59
583
599
605
768
888
988
214
380
225
434
533
21
996
791
295
924
759
110
857
732
943
282
260
464
121
97
629
608
749
419
315
501
378
901
206
0
470
290
795
708
483
613
730
949
691
647
474
801
192
262
897
971
941
167
370
588
586
345
117
230
306
33
488
540
38
793
82
400
716
241
536
285
418
524
839
498
388
37
562
593
242
799
186
908
471
14
158
367
862
294
654
861
310
704
331
454
997
23
890
902
780
245
570
1
261
507
670
931
566
826
550
106
22
428
864
895
250
933
364
155
851
182
352
344
2
40
399
786
572
621
140
284
807
602
829
164
761
960
940
848
213
552
371
248
252
102
451
880
643
896
396
850
43
557
47
147
561
545
426
965
655
130
286
534
966
272
397
917
425
922
103
450
337
778
898
664
912
181
279
668
819
9
697
492
478
642
177
326
198
625
518
856
283
258
320
358
771
228
211
266
707
494
746
659
802
728
52
196
409
637
680
138
757
201
578
969
874
805
217
636
710
359
555
693
202
204
748
473
46
305
916
404
203
79
76
384
83
980
493
342
751
234
939
798
998
150
576
938
695
824
782
651
423
118
717
410
287
113
903
221
60
74
549
529
873
486
61
733
122
25
255
485
504
769
334
694
183
863
278
123
462
108
269
527
264
837
900
412
96
845
159
945
675
532
307
403
438
398
744
918
223
112
685
218
235
979
711
514
974
699
687
458
718
957
389
553
667
361
84
24
596
854
995
134
220
81
466
914
327
160
490
28
375
297
512
936
952
544
921
263
631
148
170
91
820
208
416
875
17
16
519
178
521
348
413
978
906
41
872
173
538
216
199
569
309
688
431
986
582
415
152
42
923
36
758
98
755
547
495
119
706
830
964
31
64
709
503
333
467
616
639
911
87
338
785
7
441
304
405
886
877
51
975
346
961
30
893
817
67
772
513
129
813
831
868
942
101
619
105
712
926
29
981
806
293
810
379
439
273
15
48
172
878
394
738
592
882
166
303
95
681
822
317
157
652
551
634
682
341
10
702
956
719
443
737
752
870
408
508
502
239
672
869
726
950
163
271
141
590
982
391
816
686
624
237
240
825
465
674
526
137
339
427
268
139
781
300
595
987
891
299
609
597
226
387
100
983
479
622
247
579
433
120
883
193
5
591
257
976
915
876
620
323
972
548
814
168
429
39
774
115
227
705
640
740
645
515
144
612
589
666
6
676
402
776
867
482
321
179
329
463
992
611
236
855
879
679
448
535
662
803
734
927
288
649
531
722
644
355
554
955
77
356
779
840
386
800
925
377
777
289
698
884
382
690
646
747
336
487
392
951
909
587
610
311
20
424
440
601
3
743
233
251
332
762
736
411
366
56
703
834
281
700
841
153
714
365
947
232
663
243
866
85
417
422
249
229
632
68
340
207
944
313
991
308
821
302
865
296
852
128
55
244
335
790
104
528
146
57
910
489
175
4
291
254
111
420
442
962
80
580
812
224
889
828
618
360
594
627
491
835
476
838
435
349
369
600
843
635
575
238
760
784
109
99
62
372
967
853
190
93
444
973
459
725
390
70
556
231
775
948
363
449
617
445
656
314
316
65
143
353
421
385
45
124
792
564
615
497
49
357
505
126
842
452
833
142
406
212
968
818
169
50
660
571
542
929
753
496
994
32
954
650
860
267
598
209
935
581
188
301
265
797
577
530
804
849
44
88
477
280
154
977
145
19
156
215
584
815
603
322
537
763
194
767
604
351
541
407
184
469
393
86
165
35
511
325
499
8
92
671
808
789
66
783
90
970
657
132
446
430
750
276
871
937
187
136
823
343
648
210
881
669
930
638
607
563
543
270
560
116
461
219
131
318
374
633
18
506
189
641
135
920
509
919
414
520
724
259
197
721
985
447
319
75
932
127
312
984
246
12
765
475
460
665
729
151
958
195
859
727
568
161
723
330
174
614
26
990
628
517
934
701
715
809
539
324
673
432
885
745
626
58
133
887
770
