1000
10
10 3 8 5 9 4 1 7 2 6
0 1164 28447 46194 59437 40484 24282 16971 71143 63594 86026
1 7567 44476 79517 56128 61594 38079 54815 27777 94843 78916
2 98360 31294 62242 23970 61827 17420 13114 2613 88734 76903
3 54168 17585 6723 44239 79225 99270 63174 71503 76931 28774
4 30854 5686 69047 53197 9035 91627 49856 48132 44127 24084
5 37312 50279 55257 44241 24946 97705 83392 91468 36189 36419
6 44341 55427 69 31937 63113 40543 61993 9818 12145 33676
7 90077 82293 32805 98209 89515 64788 75410 961 54794 48637
8 56585 70630 61626 33824 67785 97789 21501 83181 89176 9022
9 38912 1355 83755 27186 92356 63415 16447 10821 72451 70492
10 91653 8499 97150 10049 45435 10296 94738 48731 55112 41875
11 568 66741 20073 20009 49257 4190 70995 19293 95644 97230
12 77232 96807 42148 51434 7894 92953 87890 34012 42706 3295
13 59360 70569 60265 41869 37288 55868 52913 8451 43798 90661
14 5337 53961 45278 49743 3171 96767 80091 39722 28682 81323
15 73000 51053 74954 40698 6972 3234 38197 97188 97980 43770
16 67371 54884 59898 57649 38337 53678 19466 78590 6379 53223
17 35871 40838 15975 67201 49114 65034 42809 87125 25527 53241
18 48852 49751 42435 66789 56119 5900 23278 65803 98707 5133
19 10880 57730 2530 15796 72055 69143 7873 12136 58076 11682
20 34896 55939 41646 85980 27914 27244 39156 99029 26186 28997
21 58195 8044 41362 52702 64558 81934 65155 71069 99612 88464
22 18974 59132 76257 52697 40852 78099 10066 83351 62485 78033
23 87476 35797 37523 72361 80729 68284 60489 12260 89913 80080
24 98887 62481 84148 78329 38764 93458 77815 13987 57515 55838
25 30763 25721 78504 43087 17345 29165 45807 85657 26128 61437
26 85925 97702 24523 22530 73935 97175 23051 56951 68713 1434
27 29694 25691 72565 14036 61293 67402 56574 30232 33617 99435
28 95849 75805 29493 97613 89872 40356 194 30374 13639 54938
29 33404 99069 99739 49638 39159 31011 13617 47012 24741 44786
30 3836 82002 43891 78404 9741 98059 56161 10507 54257 47644
31 4396 25053 30257 11541 94639 47521 80062 73126 54925 50239
32 16592 3570 62321 26387 89986 52727 24945 86095 99020 15939
33 5712 55368 49652 57522 50247 57564 25836 51807 55238 83667
34 2254 5149 44266 70759 70512 38427 25893 41523 95554 91668
35 35544 1524 55224 4575 98802 45706 58181 44956 77584 9480
36 32591 10496 84909 48470 57845 70979 80583 33993 52929 50846
37 82688 47315 71471 89566 64532 82778 19239 94658 33918 81828
38 62748 73982 73537 85095 80277 46311 77524 16906 50958 83382
39 53278 55287 45063 34084 80025 24315 6844 45686 4912 34749
40 14652 50678 10006 68143 55825 98682 32417 21048 39663 76891
41 76810 60456 1530 54081 66084 24898 2391 20396 4468 52310
42 83747 46084 57351 5462 67077 77775 80721 37047 61302 51038
43 53476 6787 87543 82374 56461 79159 22631 98876 53865 73678
44 94180 51710 2353 40263 81811 36096 37020 71785 33831 13085
45 33614 86448 16695 99886 61483 26365 10625 11219 89140 18333
46 89451 51465 37934 43854 34593 93852 56649 87084 1837 65401
47 39259 95240 67408 4094 69803 90427 77794 45276 40447 73658
48 62824 66020 17732 92736 82944 56685 3561 18232 5699 43706
49 68697 13347 24098 51077 3609 68784 39327 66944 27036 17571
50 77842 35075 88108 97866 24980 54818 66765 28508 37348 16311
51 12669 60666 56451 64035 72420 66752 37250 77345 77083 47930
52 6229 2028 70675 87865 10050 19999 33457 78881 7777 67777
53 19781 16748 54891 12358 15760 35196 5614 78930 26867 94210
54 81123 70727 94767 55391 22885 59785 16450 48590 77792 98173
55 15592 2135 81634 62551 96529 98237 42419 44291 61736 24932
56 61216 67076 80063 59248 41345 15868 35351 88644 30112 28253
57 83508 77229 1520 7425 1701 5023 43228 34570 96575 24193
58 27905 36836 99377 21726 61065 61700 75962 1734 17170 307
59 72714 61697 67345 65925 12293 18350 94651 6693 15754 90016
60 24011 34309 7535 77527 71614 56418 50943 78735 65230 62355
61 87271 11468 4306 73716 22423 29029 96021 23803 76283 61611
62 66852 88221 80114 56412 20246 80320 65818 14804 38909 21069
63 95805 53293 38689 40002 49228 22666 98486 80386 62189 91606
64 7700 1085 16666 4597 3217 21244 50888 44531 15948 50218
65 59881 65178 43695 54324 71398 18663 5278 19822 97942 19006
66 56600 44903 34553 49437 79874 7351 36652 77416 94379 8661
67 44144 23171 69297 49728 78250 91277 52656 26423 85223 46999
68 29730 47152 92801 26926 87379 73329 17622 11145 45999 26363
69 42416 34169 66856 983 24972 6950 12512 38983 48852 99213
70 13033 22289 66847 48043 69730 88144 48216 7413 42806 20294
71 57306 89301 65228 23898 94408 26789 90829 28149 70216 98765
72 45747 48588 19240 37922 89440 74611 55887 14435 72323 97229
73 68198 76196 74174 88521 96697 37473 7036 64334 91550 97754
74 68852 88784 69326 3468 36833 26348 66059 35306 16167 62161
75 30710 77215 16918 87715 82432 58235 27368 22851 19472 4056
76 47072 43692 60813 3055 18084 60046 75036 78240 36064 64796
77 38122 34077 65515 26138 4994 54827 78037 28692 6375 31725
78 65919 65819 11972 87914 19521 88076 14071 84692 53837 94365
79 37897 57765 44255 34259 97883 22981 57792 46985 66130 64874
80 13936 55988 17371 55049 3355 91201 79761 42790 22045 23407
81 19290 84194 33917 74252 24735 62636 35859 55892 26021 55146
82 39493 41403 31634 77116 98952 66605 43616 56217 25672 83099
83 99776 44189 82197 2351 6866 27461 51470 7647 84358 64737
84 28186 45726 88433 7588 34782 32080 37454 62721 85148 55845
85 63790 3068 64242 70184 57925 87195 9513 77380 74929 27084
86 70791 4757 36384 79492 5192 83410 37207 38463 44902 9832
87 69435 68554 84232 69845 94829 73419 9934 51382 69907 49099
88 97213 66373 31687 57946 47964 53667 99988 47434 75200 12864
89 59286 84746 39434 64024 94586 96079 74077 41450 31572 94106
90 46951 16180 51963 1143 78060 85725 13433 530 45227 8597
91 21707 14998 60190 96861 76747 21843 27957 43640 54109 54023
92 27408 92210 48896 23656 24071 76966 33879 37142 14503 8891
93 62658 94017 82994 74986 88587 83848 73475 54431 32958 20736
94 1891 2710 14329 12373 29013 23785 46503 11169 37436 99764
95 5 20942 82501 50243 54005 25542 26998 41461 61135 42650
96 82582 53967 98218 53484 66441 466 27175 49809 63314 58611
97 60566 74524 95464 21276 38451 10997 72838 878 96868 86803
98 18400 87434 47679 33592 73846 13804 62345 98562 35672 50830
99 6923 68264 35460 41755 31015 73321 22344 96180 33643 21448
100 49639 23277 58943 6264 2212 74902 64576 78021 92516 37042
101 17931 10027 45439 49941 76946 58463 94595 4878 14368 45772
102 82153 29820 51409 32984 3027 72985 50774 78349 92203 74665
103 93032 13583 27678 47568 78575 5623 81651 23466 54602 71863
104 28288 72790 34052 58850 54482 36528 81712 3749 81985 24647
105 93160 27506 99681 29783 51175 83918 66538 44577 64886 44916
106 39546 93810 14013 81929 3583 48029 71965 7126 2514 78071
107 10655 7564 73303 55160 33956 38414 17023 58764 13981 97393
108 23553 9697 62367 64705 99529 64735 30157 87842 8454 59419
109 23036 75244 54651 23492 61056 57438 79685 69956 56074 21486
110 41144 40175 97623 15311 99047 94078 57985 10268 23427 87506
111 95718 14731 91349 88925 56953 16929 47916 4169 21492 23898
112 90213 93142 66350 75327 2783 72836 19759 94095 40493 57199
113 62632 60803 31924 43283 83784 94608 8772 98966 48795 62802
114 31402 87442 26775 66691 29541 83037 5493 8120 91463 93979
115 77345 31847 50420 59090 67482 49670 5686 67060 36964 34579
116 20401 51797 49474 52416 44074 18311 43007 11803 48366 5882
117 39700 25764 74718 9876 33983 8747 4951 51374 52306 83702
118 40243 89299 27058 88230 35049 46474 51634 61882 74795 63130
119 16534 79749 29226 90229 65896 89936 31977 11368 38774 50504
120 61715 42153 84113 30648 86810 91141 58673 25577 50794 36544
121 59789 58081 27123 35408 5648 89820 17320 70252 22226 86932
122 19555 38530 14412 47597 50888 93498 43270 23206 7778 61505
123 43068 44139 30169 18718 13396 33139 34148 13912 12181 59628
124 68089 99721 91695 55656 67515 77113 89682 82671 1379 17986
125 63950 89023 83459 6997 13586 22189 10861 7990 86452 93641
126 2522 78823 93135 56058 90940 5711 47552 35224 53468 17244
127 55713 36303 13048 18752 21456 46651 73014 4222 37120 3863
128 38930 55218 36646 31963 88286 69576 51135 97383 51868 25360
129 41471 49574 63626 9041 3431 56695 29663 38062 52786 46880
130 20753 4980 95501 90046 36594 13657 90795 17260 53913 72815
131 59131 50900 42151 37595 236 4937 92800 21579 36950 5363
132 92346 28375 94638 48362 51751 96912 6295 74347 68457 8265
133 31620 79288 53314 1974 9109 70643 82329 32729 17948 286
134 60882 16220 62114 83810 16274 3966 83818 13181 71368 55202
135 68629 27693 48735 60924 47012 88626 75767 82130 5432 5004
136 9761 36107 59310 97084 42311 45539 75688 21761 31572 7851
137 19085 9552 80757 85364 40980 16871 52567 76969 68824 38606
138 44111 53131 24946 99317 72986 46821 60360 48116 127 67459
139 7650 99952 65554 33620 4209 4051 61518 62362 18016 38300
140 96868 90990 27031 44071 74945 95054 28150 14471 70169 76383
141 32760 78925 39883 80147 91838 884 10786 23915 28676 39809
142 18506 40589 98667 60956 15902 64572 70378 7757 59208 17050
143 46801 72861 53838 90270 7511 52117 10906 21695 16880 18747
144 90766 26302 18612 4528 16141 57888 6694 75399 5900 33969
145 23857 83181 37415 68034 41709 24684 56119 40578 21490 12068
146 4118 3588 70642 77350 94567 4895 98800 93762 11370 24194
147 37399 13139 93774 36189 60889 38246 15709 82393 63462 73459
148 3880 88308 33020 64110 79649 56699 58584 90529 39249 54126
149 97170 52595 40711 9099 82135 30003 31420 88327 98227 92555
150 52228 50876 9829 53643 30533 63118 74593 73875 10524 64138
151 15505 9935 302 99424 53061 47606 12826 42652 8762 2279
152 92946 66957 45208 88862 24005 20412 11806 83213 19828 51043
153 74490 89417 95255 99179 28553 79755 20970 31412 94653 27696
154 17832 7843 28149 66922 64808 38068 54274 14821 80603 12274
155 62474 46928 8622 26672 17167 40970 37858 51986 68045 77480
156 71001 53229 7828 58160 46661 20853 41928 25889 4345 11637
157 11709 67413 98041 70082 10234 95734 7228 8654 77776 42407
158 97567 95594 12785 47728 31663 84398 82571 85012 50978 81247
159 36962 65499 27395 7668 61498 70227 61453 39976 93287 58377
160 63261 30415 83348 29541 80838 34095 9589 53570 9173 55042
161 56457 39240 77766 18993 2730 57266 89553 47122 63149 1578
162 44348 34078 13458 79012 66272 24726 56490 5599 59867 99403
163 54706 41855 75542 11480 16701 63929 91097 93997 53423 39908
164 74908 51996 35952 89261 45065 99669 79491 96914 99915 76041
165 54637 71007 32274 33531 19414 45029 55787 32906 84230 9514
166 75996 68088 73513 96379 25805 75905 32223 74039 50789 43004
167 31216 95586 89838 29168 14277 58081 28033 5583 20299 84282
168 74374 26315 46611 15288 88113 46529 15556 30003 75181 34970
169 35397 41481 54843 61583 3132 50299 20328 70207 83786 16345
170 40208 77472 67911 17822 45774 60019 20600 89516 3146 54098
171 73940 23978 45519 22868 23697 57328 81042 79052 77296 94646
172 68212 54364 26574 66375 81599 17815 35193 47476 49933 43613
173 5217 71079 38306 10425 51443 98311 80719 43737 54533 52200
174 92290 70491 78997 1973 11554 50770 94429 41115 66359 1491
175 1579 44960 21031 6316 15574 46145 38489 45879 19873 24105
176 13906 99224 5258 30267 10348 81136 37544 6712 60773 97251
177 45378 47401 37376 13143 63979 97269 22966 45728 88652 70128
178 24926 99568 88358 70005 17858 31138 18057 82730 4035 53028
179 16855 98272 31082 43437 46408 8316 24165 86310 77644 33287
180 32456 67166 89619 85463 39623 73181 2663 58445 72836 96816
181 37747 47416 76163 75684 50654 23353 22445 97048 87760 71155
182 24457 29727 56830 10457 62410 45839 5032 57910 95625 77107
183 14384 84355 72737 78680 26755 95461 10317 53273 51396 60175
184 61867 80430 30599 11214 93501 49464 45672 8404 40017 10112
185 77871 76777 72001 46438 4135 21939 68571 18825 42906 97906
186 38808 65676 73745 4549 96833 40413 71596 82583 14877 81690
187 90480 20691 76185 4998 43801 73045 75927 87153 71559 7939
188 86412 53176 1967 90868 64904 88463 18657 62126 35099 15382
189 71032 51025 30294 12953 19710 18884 36562 5412 1078 5092
190 70252 56196 17708 58580 20954 23662 24441 458 98841 20737
191 70676 50425 38071 82818 52680 5693 59062 57325 51551 92814
192 94142 95690 44774 93451 29920 88361 60598 36174 15601 84728
193 79774 69364 74353 47465 32091 32481 89509 52357 4594 36453
194 17013 51270 59008 59895 43974 25844 42531 53009 6598 10628
195 13035 33482 26066 80894 92818 93676 29199 11566 4775 2175
196 61035 26579 3226 56951 46169 32046 44898 62534 66563 67776
197 36424 80467 99927 5292 19804 56531 69884 57978 3539 4512
198 44517 2597 94688 56824 83050 8336 22017 68999 14720 70076
199 8752 37027 63140 26812 17330 68747 41508 86711 19424 51826
200 20486 96825 40704 27471 36507 4667 14498 10757 68455 96434
201 45525 89734 57606 3998 893 2703 61370 32397 88826 67282
202 35649 68556 23964 76717 93378 47605 90755 96608 86035 65859
203 41107 28559 54979 58343 97120 62289 28859 64539 53218 65151
204 29586 56855 49602 47093 56964 25872 1422 43028 92836 65827
205 50912 8631 41112 86591 27439 61678 84153 39041 30982 96862
206 19917 37303 50530 88864 92065 85680 68235 39393 56583 86036
207 60353 77610 83704 34253 93165 77989 21689 83693 63049 26212
208 54824 658 93060 53022 37602 84873 17143 34514 26049 53575
209 88877 44615 83920 16422 69837 47810 6387 13159 58485 15539
210 21191 29435 80166 52221 27421 15722 90916 89492 5026 7599
211 98247 87560 47253 832 3284 79471 9565 24378 13448 68879
212 59406 49577 86485 55892 12979 20484 79773 70141 71495 16749
213 53335 79053 58505 60107 5858 31970 49009 42920 71088 75330
214 77129 80065 14578 78020 42479 52934 49392 25748 18206 88930
215 98138 64730 83987 9672 50787 66630 77746 739 19168 11256
216 4624 91245 97738 64351 60922 67315 75124 33429 65279 51841
217 2588 31455 17523 56148 60120 85152 36775 96543 6226 66598
218 65463 43157 21744 56082 43803 70352 36027 29810 11161 57166
219 69660 56951 40752 98639 61532 33618 1522 22306 54764 5505
220 88453 87064 35331 84799 43184 60504 74793 94540 67108 55193
221 58139 29129 74130 47196 2607 58748 46899 31103 76985 62435
222 17428 24142 64673 94116 69976 25506 99978 87674 82955 96270
223 75966 57022 93119 58151 89006 83533 69596 68808 71858 57247
224 37769 67016 13936 58819 2781 82525 86489 13966 82699 22978
225 42156 8779 6642 90819 13697 10215 52140 76409 49350 88654
226 52421 10019 77547 85232 14380 24856 11046 87096 59450 37288
227 61063 66732 29022 74726 70111 41221 36287 39337 43093 34530
228 60828 1541 56100 6345 28071 28355 28790 34946 45690 68942
229 51879 18741 29733 76895 39339 12982 55832 73766 59338 26686
230 13167 113 94607 5181 90008 69987 84192 27562 51064 83699
231 50106 489 82133 80791 11147 80493 58263 92951 54988 20109
232 73485 26536 19491 12135 1533 44822 91551 20946 71687 27422
233 88798 44273 2020 99008 21131 18279 67151 40237 82366 28572
234 68994 83179 67180 71782 30504 59537 269 19770 6943 64223
235 59555 59164 8814 37281 59333 26367 31896 70266 81765 56904
236 74721 60592 29000 54783 77878 31636 22292 44658 99480 32666
237 55974 82900 78653 7930 85893 39438 66775 37589 40161 39325
238 57421 9232 99937 87403 90394 25478 99498 54463 56315 21718
239 83579 53531 66289 80439 86665 43674 52122 13581 6789 40620
240 30578 21206 98273 13389 32673 92147 90938 23650 84077 39240
241 51079 69798 66842 26112 24271 18312 40509 43108 49582 82848
242 8280 1765 59927 7792 26802 44060 49385 96856 43265 81734
243 70159 90293 94849 30261 15669 96541 2872 93184 74369 27213
244 22464 3321 26930 16548 12891 59050 36248 60137 93806 24864
245 44629 50369 47257 13563 38272 79 5479 20298 83148 79228
246 83894 82581 28387 82741 60303 41097 69891 31401 77810 3435
247 13431 98369 63070 89160 44665 12279 2192 37471 42267 36768
248 75268 71031 36577 25260 10215 35435 30719 70826 84143 74892
249 91498 68271 51822 6039 13790 15102 55387 96487 85184 26742
250 81034 23969 5130 72358 52498 82249 44677 22354 37251 77703
251 31071 76856 62505 56618 6651 2782 98726 10208 58092 28548
252 43585 19042 54984 5026 96604 42067 24459 72385 90133 74716
253 47480 27378 30737 14001 42120 30606 11097 90911 57710 91941
254 92924 31696 4610 97830 94749 64131 57317 36388 50071 24002
255 34970 49428 43375 36090 54503 1807 58201 23871 89225 61369
256 721 47324 69735 65697 51519 33085 51994 88940 3625 98382
257 32307 93266 7647 74381 24975 19959 11761 72017 11931 35981
258 75962 43275 17845 55339 14942 35652 32972 94790 68273 69544
259 60055 29809 19761 12089 63869 71545 39885 10837 41240 4542
260 71114 80344 40367 57174 33662 92710 63709 96163 69287 86944
261 31478 52303 98309 69954 42556 346 22551 44273 11244 78876
262 72149 57801 4406 83723 85697 5522 83501 92965 15114 84641
263 75569 63649 40128 31942 18866 27779 51913 4966 64465 54258
264 48333 26234 66115 67056 432 33711 12797 29814 5175 59210
265 43709 10678 74835 27245 36877 91116 23256 40758 47793 14859
266 97386 42756 4564 44513 22355 90537 8615 47649 39516 68827
267 43232 87036 61267 12700 12451 58093 3225 74121 86884 15546
268 56965 77606 68128 44140 95957 28321 39342 67368 61900 38477
269 90198 2633 82566 96555 3749 82456 8099 99699 34196 59396
270 96041 85870 31789 10705 93511 90882 46057 299 17443 5960
271 21274 90077 95887 12237 95632 83765 98951 40057 22872 39886
272 17790 3956 94388 24561 90329 15563 27880 86297 47666 72250
273 54507 71359 32257 31459 77741 82566 74507 60447 2126 43916
274 11706 17478 19281 41065 49461 97359 1186 42873 68441 93634
275 9998 98998 45291 14503 39516 98080 24886 95649 15280 99716
276 22484 9096 91005 95220 96408 70576 88116 78465 31475 8071
277 19893 15581 46626 19670 74910 84853 87708 38707 6341 96427
278 26126 35433 42990 97418 96718 80371 23950 52888 75807 59754
279 65764 98379 43481 1072 85112 38335 71612 37886 97306 71120
280 30886 7930 55057 63893 73996 25006 72851 89225 69294 12590
281 11614 93382 91278 51887 90318 68465 99457 93842 14937 27889
282 58418 77433 69247 5281 80499 61674 96170 12728 56705 87008
283 41953 15002 81079 56122 34884 69142 64005 82676 58260 69570
284 43468 76504 1405 60352 7443 86621 1758 95629 19842 76353
285 54720 4990 8903 4379 3960 23094 76069 61571 90727 82521
286 79145 63180 3950 31581 35146 94314 24406 64783 62610 72763
287 98628 80890 65555 53949 80015 70104 71057 74253 11731 62851
288 68498 94309 74212 56994 46985 10036 436 48066 30050 31940
289 6648 15483 606 91508 96604 13617 32670 40116 15472 30224
290 31457 93572 15881 27400 28416 49170 70503 25544 75894 85892
291 15038 49059 98155 36217 73506 67565 1133 16858 85303 24055
292 52636 21357 37609 8406 91554 59675 24405 87016 69643 97152
293 69991 61155 56978 31129 47127 9820 50215 87844 12829 44546
294 85089 54919 2723 79080 73606 6852 79015 61635 35256 81046
295 71724 50635 76765 99251 10720 47689 58990 23594 70587 87735
296 51553 93729 39238 98204 59177 68679 47610 94361 32223 25577
297 5334 19848 96600 31666 28539 72169 88075 36107 76555 54846
298 94450 45791 5536 19021 35840 18718 80677 7588 66948 95373
299 51379 74375 28897 45119 96617 23822 3595 63596 43768 37374
300 19867 89345 19494 24865 36520 65429 87466 16866 41387 37770
301 13286 77277 43923 25857 68455 38892 57269 1497 88681 15258
302 29090 2495 71744 835 69311 39845 53452 14320 78122 25661
303 57694 50130 30813 84521 27069 8868 13222 15344 47701 42866
304 68081 64133 96835 51149 40882 80108 99933 40406 65496 48152
305 32384 15625 86044 15937 77469 54372 36328 26515 12134 65187
306 85904 54632 44919 87873 36925 43107 61448 68128 8181 83668
307 61701 29415 99529 29383 39466 15389 40554 56156 85761 58170
308 8398 91632 88258 28752 13262 89134 513 92255 87024 25676
309 55550 14430 36121 39143 75836 21939 23034 84956 32545 51656
310 85110 22064 29172 96686 78698 87119 60687 89623 55505 80668
311 53453 13476 99911 1842 97213 4120 54889 94450 95039 29325
312 78805 39565 41458 32779 48860 95476 78413 63346 33879 3597
313 82821 26628 51166 10083 50433 53205 51962 1121 68722 25794
314 1793 3611 41506 4012 10476 2427 57636 65829 69701 19323
315 32124 68694 25891 61103 63946 80133 54854 46538 52104 86425
316 45683 56602 5864 20489 82660 94560 16983 75763 52294 19238
317 2820 24531 129 83416 71416 92268 10099 54506 54608 42440
318 4725 68877 15525 27405 32026 97046 40758 53554 42377 5275
319 66237 2977 34013 18493 17075 66505 27331 12460 12203 4059
320 37187 29230 47687 51480 22334 52690 89452 20193 82937 69466
321 71381 43597 15811 46380 62942 76321 28161 17613 25539 33347
322 47358 74459 63857 11521 86070 3944 93391 70272 54589 10976
323 22941 43856 44323 8448 19956 70592 97273 71469 44182 35623
324 31365 90794 43486 24970 95935 89174 28197 18373 56057 874
325 53627 18543 10436 30303 40607 79205 35526 27659 29894 9275
326 41262 50452 35080 59646 24681 79978 65148 97258 50983 70105
327 20424 24533 14212 49247 63805 61631 68267 42671 32591 55074
328 42043 98172 6336 8194 24738 31602 86094 43029 64624 90240
329 12605 48575 19317 97630 59344 5558 32798 63497 95608 33270
330 31068 87001 82855 72114 941 85289 67878 45506 80811 1509
331 89774 70980 71206 19370 88472 54295 90643 86575 52675 80595
332 98067 51521 17891 56465 59672 22023 97633 75336 37147 28424
333 47370 42790 90895 8115 20704 12437 10958 33510 29793 49749
334 18520 90766 789 32022 69194 28793 74749 65237 53673 60720
335 90224 12386 87936 93852 26145 42002 6184 31945 78367 24701
336 55148 72619 96336 6867 41610 84508 36606 23739 34570 29598
337 73348 9035 15236 76575 74033 8695 73550 41601 6759 71512
338 46496 32601 61046 60789 14605 44922 54675 86488 90518 48788
339 83708 42611 92163 231 50577 88137 56032 13331 5463 38536
340 41440 32089 40786 72321 87638 35875 5223 37660 80300 26222
341 90068 15497 81223 58014 16283 34813 74453 52845 74603 41963
342 62854 70990 54099 81012 87356 36858 61146 26216 22461 64544
343 85572 61612 14892 73667 91751 43985 68004 7327 95259 7654
344 94162 75150 48236 50638 38508 82386 62585 94710 57722 76925
345 50628 61828 92772 81373 51806 938 6217 75310 78609 83937
346 8857 91226 33498 59254 45250 27976 13322 97729 49178 47828
347 42438 76462 63245 54139 61724 62357 63046 30112 98676 98728
348 40822 39276 92274 82933 57254 63281 83181 66232 40882 52593
349 25588 67957 53635 73793 30262 82607 14763 59315 80906 21991
350 98665 75765 47703 34577 48663 9017 32610 92048 16048 95867
351 21358 50930 15911 70603 8364 32298 28114 84072 75370 10506
352 73233 32703 57877 60076 17116 31011 37919 26770 31932 76941
353 837 24547 48325 56343 39368 8101 43948 39345 52500 18683
354 86816 26877 58012 49455 94885 27020 4745 87621 58585 95278
355 21110 27480 80485 34301 94181 44996 49907 43471 13602 31794
356 38551 84550 56868 70152 2988 90835 54480 75442 31847 31652
357 78772 40371 4223 48203 69957 25141 46781 87069 31694 17408
358 98953 41068 64129 15367 51737 75582 75627 41188 89399 69361
359 87078 27322 63201 76662 20877 56791 55009 56964 33356 66247
360 63746 46905 27766 12107 73392 30282 61782 73474 58905 22452
361 38105 11831 7509 94441 93723 37364 83784 69675 73344 55965
362 92282 12975 69995 77004 35330 39675 45062 57345 18892 95300
363 68417 24789 45743 86938 74520 39464 58317 72975 89170 19777
364 97106 9160 30068 22844 95498 92538 45758 83667 49488 77517
365 67960 32817 34767 33131 10829 88712 60646 47266 585 27443
366 28010 43687 58821 1192 58143 37985 47858 63331 55647 28271
367 4059 78507 27365 80480 48758 38928 58057 74054 1840 81218
368 36925 17593 27179 33877 1841 80300 67816 80102 12803 92444
369 84193 72957 30372 65976 4934 16313 42054 78102 89088 21991
370 49600 77807 6356 10051 42939 51514 8850 67016 15289 84198
371 44959 29299 67430 99729 29230 41753 34035 78379 43290 75096
372 28947 73662 15884 78443 77414 3234 46026 12236 61844 21022
373 93641 7998 164 82990 2052 64797 75328 84440 34669 94109
374 97421 52619 70029 1988 50040 86518 12710 19017 29657 5207
375 19743 95465 43265 49282 26654 73765 5601 11565 6089 54874
376 81151 54339 38514 21183 96189 95352 57617 35614 832 96172
377 34410 94579 25766 93670 14921 15848 15989 7162 57084 30692
378 1404 50438 72889 13626 2051 44094 25290 20976 84214 86068
379 53360 10698 27516 99413 64731 44124 12583 87280 75202 44308
380 17394 9050 53740 26865 15961 7117 12806 74147 78471 88817
381 71447 55722 48637 61322 83559 73509 92705 11363 50062 98747
382 52226 66988 98739 22130 27153 54238 75688 20657 89464 29851
383 89078 11947 29503 90217 15079 4883 61933 27931 81472 95619
384 86564 54542 48416 18868 31284 52430 90791 15666 77314 64773
385 82334 17803 43746 57326 13180 8879 30366 5652 3196 18372
386 89165 20008 90131 15110 91959 79172 43327 4022 18497 31024
387 69854 8707 46368 55938 40907 69811 44287 80209 82401 37111
388 33178 97644 9685 14476 46422 41305 96816 90106 68963 81841
389 70034 45018 97105 53536 95616 39686 15443 65983 37825 56296
390 24296 9568 7870 79516 43760 7054 42307 720 44275 20419
391 49000 13980 68915 14480 92256 15255 80427 80887 630 39559
392 47019 49699 27909 17024 42898 89001 88525 44630 15114 29520
393 32042 87011 74648 39942 14330 44019 90268 73741 54916 9911
394 92586 77438 41198 43939 97788 13743 84852 84074 44312 43454
395 75959 1990 10078 33696 14518 54399 12041 12203 4711 97628
396 70409 84254 88030 36825 1556 51026 19993 39717 53465 74032
397 67061 27933 85158 49890 33439 53281 93431 97458 31046 72138
398 61090 34184 61627 6639 16856 7335 12849 67877 43525 57507
399 98825 24066 90270 73322 48283 49562 92542 91662 54892 76852
400 95242 99873 10752 35996 14266 18841 48961 56196 20717 83035
401 77421 94451 82935 34590 17094 44937 45867 67892 45092 93979
402 78137 40600 12868 76078 80486 37946 85832 94227 83627 33654
403 29253 48051 38704 72773 72923 2856 31729 32347 49548 57972
404 48612 71882 24080 19557 7926 86981 96516 36516 63372 65163
405 26329 28198 57075 90663 40035 23151 89177 57887 70513 48141
406 65034 59001 76828 47976 51553 84952 72690 16053 11280 16854
407 52216 6438 34514 32901 35667 22102 53193 86547 95017 10202
408 76040 53660 55098 10171 9931 77471 21840 64545 20598 40846
409 39696 13144 91549 55988 88834 9143 89746 20273 50250 67774
410 12583 54873 18773 68933 18594 5532 82893 52074 10524 62991
411 76765 71703 7904 32297 8669 30876 29092 12498 72517 28330
412 49992 71665 8136 90392 88510 36935 12093 10310 45234 58710
413 18217 12103 13414 71769 7608 87345 53647 98126 11952 52424
414 42308 4 86263 5613 25519 5562 32805 27034 52640 4800
415 64923 72915 55931 6600 10435 12661 59680 6329 6598 51075
416 58503 26575 85572 28127 87172 39014 98698 93235 81635 53484
417 75828 82760 17294 42603 40854 90680 73732 73631 35174 27051
418 54476 51979 74129 23886 63839 42923 58129 1527 9610 82374
419 87395 73090 63123 21333 2921 39548 5994 22233 44047 86515
420 51419 94540 21438 73837 39473 65428 7922 87461 79842 23789
421 30780 16712 89255 1070 37839 24062 94173 27340 71000 18530
422 43505 62595 94481 21819 22939 53510 51844 28165 30632 26747
423 39515 54307 6875 36156 26828 96502 42975 58336 72732 63518
424 32521 45121 99304 42276 81777 65147 90350 21599 42568 28942
425 73224 45558 14243 51386 71286 92147 19025 30346 12414 72008
426 70564 61332 16322 38521 6935 8640 36113 77966 25930 72945
427 69529 68382 18038 94317 83686 15103 46360 82712 4683 38481
428 73679 12292 35768 94867 24867 6941 81079 44583 88112 78025
429 94086 32361 36752 24108 56125 88007 91272 51031 22700 34950
430 21958 92944 32037 68272 45702 78627 76210 16065 50378 8211
431 86714 8137 30158 27109 83353 97958 54788 82374 67541 51405
432 45944 42127 40941 42847 18668 64401 93743 83502 11313 556
433 75202 8104 59420 96120 74371 50420 23351 73531 27077 36586
434 30742 92557 93566 19232 71068 81171 54224 75301 52239 88642
435 12596 96331 47606 48091 19469 18068 57541 50473 31133 22207
436 65934 96854 12571 41061 23676 91451 97475 61353 64190 92463
437 95597 669 36837 5172 74833 7270 34561 32527 37670 99249
438 13090 21797 82225 26475 27755 73790 56020 35632 15855 57826
439 32859 8076 68142 84020 11852 85166 92216 1996 4555 44002
440 89924 40534 43720 65166 82229 79814 48279 33816 89671 28888
441 9572 95303 32418 38025 76895 12958 80736 61692 21234 48192
442 66438 36779 68072 1583 51579 48228 13049 59881 59558 23635
443 66106 66233 94938 14303 78191 88050 97672 14051 16467 41437
444 30075 71877 55135 40418 97625 90041 23153 58127 25056 20674
445 20155 19597 76768 3034 55693 32067 3817 32439 69512 19459
446 71632 24047 37581 79904 24349 34207 58936 14794 53150 8219
447 1426 19328 91297 1071 55893 57544 25480 90721 917 4467
448 62358 68739 65187 90145 9414 94345 48065 90924 31 32481
449 286 86255 62069 93154 7955 56970 15774 21963 35469 19748
450 90080 57147 1308 61384 47949 71273 3945 63185 20831 71514
451 67205 83226 47538 50038 81304 16233 36864 10304 16046 74351
452 85208 57687 87831 81820 90203 66247 25904 40148 19190 17134
453 46319 42826 75305 41121 34538 23675 97457 89862 97233 98362
454 20030 11257 45634 55301 29413 40023 75222 48418 72804 80433
455 37086 64893 98299 90742 97030 50667 45390 73074 47471 91875
456 6540 13588 65255 68586 14758 47314 84626 83944 12215 94603
457 11247 68025 82794 95737 74261 97332 33460 80109 8649 97506
458 69356 84662 16202 86313 11748 93597 31981 54965 4735 56400
459 48012 8056 86638 23987 57244 50722 68093 50387 48713 20525
460 28389 48599 17555 7958 53703 70399 43666 24138 42338 2565
461 68129 72351 35592 9475 88470 25738 16932 77558 4352 5743
462 51161 75878 75548 93849 31403 71049 62717 86181 4660 59547
463 54577 3031 95148 41878 74409 45352 21171 57731 95652 33266
464 90362 1932 36314 43532 63735 86404 4138 48425 97626 86933
465 98492 28468 65417 97640 55844 63462 18707 13917 40738 38957
466 3445 11308 43764 45266 10604 22363 25952 73213 58958 55144
467 47414 45293 25517 50087 34742 42403 79345 80997 15912 49494
468 60099 1278 96650 8353 57143 62062 90026 67043 57467 91151
469 2335 85405 15458 13338 26653 43382 65866 20779 19261 9963
470 71613 57794 20163 21355 7362 77098 52807 89193 40162 85982
471 35530 7638 25536 78771 32941 87632 54739 4926 41719 81605
472 35362 42695 11871 71943 33702 72779 8314 82216 17074 96595
473 94241 25635 82788 95681 72589 13644 56515 43748 2809 65742
474 70095 14288 96205 11983 41294 15621 48317 32635 52130 84997
475 14471 80969 65821 91628 83180 8358 17788 69986 56362 2967
476 36966 61665 97985 55302 6863 31722 71727 11677 9196 22266
477 50023 78094 76345 63332 65351 21349 44774 58332 11919 12680
478 82063 64163 28542 51553 49805 62349 10424 44427 45431 70213
479 84990 7257 99337 95057 46687 88968 77135 33377 70810 36853
480 74216 3243 53464 27298 67539 13828 50691 59769 57018 91159
481 41763 23735 1827 93266 71645 6985 1235 31462 22768 95849
482 79795 81375 29653 59987 94876 76645 88897 36006 2406 33370
483 46016 7769 50501 57528 37514 5859 55907 66838 50397 85646
484 76630 56946 12245 18540 28778 72622 77929 32063 99624 90806
485 27377 91450 61300 74050 85000 18282 29948 49979 32087 61230
486 74130 32183 19129 1105 13753 87599 19486 86443 46105 61641
487 72249 81033 42437 57542 4732 96614 86888 37857 11835 29564
488 27797 78579 90588 96635 65561 66285 38731 69330 52027 83524
489 66280 9396 72069 84306 94641 86392 99436 46444 2523 24137
490 78680 64475 59153 35320 25314 26642 63517 10746 16673 54975
491 27311 10561 6578 1139 70018 50007 54617 25461 53295 22327
492 98865 97739 97437 74674 83688 69561 93182 21779 30689 70219
493 37702 95474 72388 58304 91114 78956 78529 29462 64897 64671
494 77094 41210 27388 31878 78752 70656 39152 22075 59972 68806
495 94419 49915 84930 11507 14363 9965 21949 475 83074 50514
496 31036 1157 33672 99991 66095 97797 8621 19728 14329 16016
497 84484 15480 49726 15521 97773 58764 82480 46367 61661 17738
498 48368 46033 35426 26587 35059 57534 84137 9843 16595 81874
499 4207 25141 66520 98594 62384 82467 95048 88427 82072 9088
500 89334 90021 9806 13583 65692 65592 68467 3444 8308 91685
501 96842 60486 88865 85632 10210 47692 70193 78015 34993 86096
502 13950 99782 71448 48533 19352 51370 26056 67896 41205 40686
503 32646 65066 26530 32623 3364 6851 72801 14362 78524 49888
504 1297 10193 18708 27615 21196 35761 53569 76987 93061 61136
505 27173 31241 52574 38429 35611 39529 39808 2477 76866 17279
506 4467 22263 12469 33911 68206 99343 19152 72304 96727 5126
507 63591 13784 81844 41955 38216 8491 59991 40617 14135 78762
508 48847 10270 55902 84953 13847 63941 39742 1444 42857 40734
509 78182 12020 56614 19488 66835 87553 48036 22649 14196 4836
510 72744 84960 77116 91256 10770 74833 64265 5614 36030 96979
511 29141 17226 65712 61070 70010 81854 30454 69829 98050 9293
512 1807 85594 31053 99999 45058 90871 13638 79899 60973 54662
513 56990 59138 93667 47071 85664 60517 45448 65805 31680 46917
514 46420 86545 9976 52505 10307 92782 8004 34835 89449 56736
515 59250 6595 92530 70508 2661 19302 33033 36894 17324 34087
516 60958 72707 82740 5304 14197 4980 18637 85769 99700 99744
517 77768 49841 1850 92137 14492 21078 97412 63561 52018 1270
518 50571 27817 59705 79154 66234 28619 33844 69885 93782 69830
519 35608 92215 51816 25298 99337 24010 64791 42663 63294 53073
520 96986 78017 23090 52351 62693 31751 89823 71691 92387 4686
521 3820 12007 78129 43540 26475 81637 29666 79573 44878 52950
522 92241 48446 11731 9268 89784 32006 31216 55883 61639 93340
523 66443 73615 1384 79863 83105 31558 81192 64816 52699 94384
524 96279 2663 33107 33833 21941 72628 92951 54250 343 82358
525 16926 28965 90386 76032 57947 82979 88792 7949 84622 91025
526 9289 91631 4901 59912 69856 73959 52159 27364 8785 38756
527 70284 28953 16285 69454 63190 49711 20387 96972 49931 59294
528 89771 66157 32202 19619 14440 98876 7965 65890 40592 24306
529 48300 46104 88077 56292 47534 61545 16970 76377 66811 61852
530 56059 61544 8951 47453 37688 66449 99769 94476 39788 14321
531 25105 27917 25061 95597 29692 28846 79849 9528 45290 31897
532 74279 13794 17720 92560 50894 19703 51239 92706 93078 58176
533 50480 20754 38824 8775 8024 35769 5978 217 61113 88496
534 68280 98968 66333 37290 1598 79264 99270 74151 60256 72538
535 49998 24489 41400 97481 77932 22023 71100 25972 19779 32433
536 436 5685 7180 548 72895 11503 65781 7783 79318 82533
537 19773 98042 79925 83179 12115 25682 6698 65861 21637 10851
538 17343 79307 8594 85729 36921 25986 92940 34068 55091 51880
539 22081 7437 36473 35926 13770 88981 28724 73804 20513 897
540 95535 50918 25632 95954 37397 74827 1399 21892 33115 83473
541 83163 130 14086 14965 96140 34997 50097 90043 29725 10249
542 96026 52495 63337 28404 11488 88561 37748 80630 66732 16199
543 22238 48291 10776 32963 19328 34620 81297 90899 35585 6057
544 66160 6168 71755 48865 4474 67447 25772 85047 64247 54528
545 22163 28981 70242 30066 75908 676 23665 85134 16377 73052
546 98127 6698 52327 56956 45562 15024 31582 89779 90077 95035
547 14498 20333 80572 83419 18626 64932 38336 191 96764 50671
548 63906 90661 39214 61615 1410 42061 61128 38844 73202 35305
549 90468 16346 11660 17185 96693 7242 96721 29399 40402 62090
550 6085 58940 78991 62019 20768 60872 93915 58923 81128 78141
551 25891 33048 8624 63670 72206 32607 1812 384 60065 42115
552 6537 69396 66823 92182 52142 86033 39238 20698 65634 75278
553 85383 35550 60412 57105 56325 89412 9948 11397 51056 56170
554 79844 28856 20232 2059 20293 6605 95828 60953 87440 31772
555 58138 59746 8479 25859 59820 39843 29404 68088 61185 66104
556 77225 93772 53936 32180 41029 71574 29579 66349 71109 20126
557 20131 7900 46866 24486 56851 75700 35466 47298 86260 73672
558 8991 44135 70225 54606 2025 90111 70452 4330 75935 94901
559 56995 62960 5124 7399 83851 8670 55379 13255 6194 97481
560 90508 21342 24475 34332 86357 21458 78250 19330 65835 5892
561 6807 75043 72987 20273 25618 5520 89366 19550 44550 73203
562 46444 29359 26445 78152 44379 65502 42629 18945 71298 81826
563 73171 45898 44626 84477 86916 58285 13375 69284 73801 6252
564 94747 32207 24465 27851 49750 76992 38870 72390 72163 17885
565 20262 38775 28856 51475 1680 1874 75018 40304 88494 92452
566 27485 85164 24794 24325 39718 18039 69817 21340 2727 78486
567 23951 46572 69031 47040 57637 10989 98262 23900 97614 93536
568 61334 41902 4135 65597 4669 37140 36780 35872 69178 1750
569 69045 43788 45377 10840 52978 26647 27506 53081 67424 51673
570 31437 82642 62152 25776 50369 63687 57855 73328 35761 78924
571 13808 56398 79617 77940 22685 35186 2541 64125 75817 16262
572 33049 52266 70057 62223 98173 50980 95074 73710 94681 76760
573 1114 2111 33 99043 73066 95526 95722 40299 71023 96303
574 12698 23028 2985 85159 82543 5071 53995 64989 27934 96970
575 86447 59619 85805 93201 87157 52642 30328 25866 60416 21806
576 80418 41244 91593 70952 35590 48964 82520 43160 75900 64121
577 42627 81887 77757 32121 91058 53274 40522 9202 23808 14653
578 72907 49179 6431 86813 99233 19998 46022 23985 86206 67225
579 46740 55413 39667 59583 66637 27840 59888 13332 81721 36676
580 91423 3999 14861 74891 32988 23842 47813 62387 92299 23361
581 67415 53030 1131 32309 71833 64915 4425 71390 9776 15455
582 79002 20024 53873 63655 82383 63537 49862 2345 74484 51359
583 71927 31543 97344 58249 38350 47523 1846 80708 97944 89586
584 14839 68896 85888 50088 47369 56560 13657 61672 83437 11082
585 2792 10229 77129 39599 86085 89730 88560 38309 77477 99576
586 91192 40254 35040 59230 98153 98701 31213 33046 77410 83989
587 61520 59976 34110 91271 15172 86178 31894 25526 39777 29376
588 43259 73630 95394 62532 8334 85052 753 83481 71428 84094
589 82766 20953 34656 67247 62381 95309 60469 50280 96826 33803
590 45397 12449 64266 21116 57505 6337 32123 3840 46425 39677
591 52929 79517 37115 31878 36647 91691 20917 4703 90812 36231
592 83406 35639 86501 84389 30692 91459 26848 5749 43457 43321
593 32972 98079 80272 34146 73672 73204 28164 65031 46652 81770
594 4197 67828 88800 57410 48016 23411 41075 98691 52432 22375
595 61352 57608 29448 31497 32382 25195 2635 46559 86319 37641
596 9342 52503 64443 92629 72363 25382 98070 15316 56182 55793
597 95479 88329 95513 99742 45175 86164 14976 55563 90686 37317
598 115 97816 63113 60928 90181 13516 33029 62726 61177 15542
599 18522 49125 19701 53206 23397 21461 41356 88961 73508 89446
600 67301 25549 22250 61556 56792 38525 44450 8011 11404 21936
601 46800 41858 60098 65732 8528 59923 23922 10097 90218 28868
602 25788 60163 53239 73637 34560 83680 92159 8536 25340 76292
603 67485 28606 70638 6591 69035 71302 24224 29981 3532 11002
604 31655 15436 26309 47225 66927 99443 29469 289 2395 10536
605 64900 84275 76176 39894 18686 81574 81977 39015 3066 89249
606 65466 62514 15369 57262 94635 37515 97340 70892 63138 92725
607 78048 49016 43591 48954 99679 46395 34118 24617 92365 6345
608 45309 94254 34229 27761 94385 40230 46555 90626 20876 86571
609 66021 50969 11228 64673 53740 9851 56102 79305 24778 37336
610 50344 235 93687 10722 44833 46767 37486 69145 83039 29354
611 7222 93617 52981 55875 70574 74188 79659 1364 45056 32843
612 19847 40453 17238 93488 78220 11589 80046 67530 97809 33816
613 34874 70454 7360 50839 55992 18159 1166 35215 91968 85595
614 38196 40693 67064 88323 71466 40716 98168 95085 11649 1490
615 95717 50044 146 57839 35127 12431 64427 92157 53814 17808
616 429 36751 95916 12433 63838 97871 30106 61423 67821 49214
617 47141 79549 5903 75719 26632 73867 31385 82453 71108 19610
618 30955 58734 35540 90205 60150 57612 90320 51830 88118 22540
619 64579 3711 24137 44067 84267 43151 40912 78299 92440 45679
620 1694 80253 70617 48060 24130 59061 34408 51475 8838 35833
621 38589 6921 67486 88870 45149 87749 28526 40031 60705 76480
622 53316 54674 50438 40323 69906 81825 88111 84636 23940 36813
623 51192 2681 46281 54166 62891 97719 66913 29809 70107 95316
624 96272 13071 57913 45539 16076 76198 85985 93458 18754 39366
625 51132 84857 1838 49714 34324 27883 27540 12842 42704 70062
626 3026 2491 69918 49367 12595 99616 66295 2594 30115 311
627 72700 35919 66586 83892 45104 33664 57512 52896 45784 22360
628 69541 16016 88035 97449 45653 28002 45249 85826 16346 1298
629 23970 47152 50339 9478 70763 35763 41962 62647 39369 86699
630 49729 88848 98164 56388 35396 83147 22860 54767 1989 93383
631 57563 34647 72882 27026 11018 18688 58146 31814 82969 54173
632 15136 65804 91446 27009 21479 95646 98095 90693 60385 26480
633 27010 81786 63532 89423 96440 54426 95268 79242 10452 5149
634 52063 11597 94218 53842 30447 45204 6041 49538 68071 42110
635 17247 43873 31566 64975 45063 19807 14493 96508 99836 21862
636 14251 74599 24694 14487 57876 37122 2868 7072 82190 66533
637 84140 73150 60036 12880 33951 48123 16241 16581 68706 67727
638 12896 97839 47836 66840 92026 3968 62979 24637 93303 6420
639 22563 66354 86514 66010 49285 30875 22283 66874 78126 49203
640 9949 29446 38562 38152 12053 8103 81822 11634 12093 34221
641 85768 72969 68251 66091 19077 8194 87697 52647 82800 5014
642 88835 47454 76682 19326 41390 1837 75941 79118 16655 70175
643 49862 4394 60968 53674 75197 31089 35253 48394 44404 74128
644 5046 2450 17770 12341 38151 4430 13585 25352 11541 31820
645 10799 564 88086 21057 7534 88037 43066 46693 99124 34204
646 5706 20797 96680 94206 79030 35990 31473 81390 90757 29785
647 21156 46917 55943 89365 95304 29188 16284 14751 49243 85096
648 67400 39118 90010 1639 22809 88376 20597 14164 32757 7650
649 81104 99516 65456 55386 33492 66868 67250 50751 96372 31937
650 33547 2589 10333 74880 89147 83212 63131 29354 16253 15797
651 34825 54687 35342 72726 66334 7403 57287 77080 82829 63554
652 37147 11327 36775 65353 5628 84440 15258 47951 323 42147
653 8159 75837 15777 72676 26517 26253 82719 28644 66491 97233
654 89451 50604 25885 60962 19869 18288 97551 81703 62424 80984
655 1336 360 31567 28502 32246 6664 6527 12197 48454 72825
656 66108 68916 86461 81224 59225 33986 26413 69678 64032 19426
657 47220 39214 83759 75287 92272 41850 15848 22944 52988 8345
658 43837 97267 89527 16868 73562 50992 28841 80740 82533 99005
659 53147 12312 1273 53327 53206 27448 92531 31664 57446 67844
660 34498 63515 83060 46342 26694 37846 6284 80638 70705 16307
661 65390 8327 25584 29186 70134 59739 30430 62213 15108 97735
662 81131 14732 32358 7321 74629 74281 79471 83008 73773 32417
663 93963 28833 60692 74099 44224 60354 95195 72196 79261 27242
664 88916 43853 89866 64101 38946 82592 23844 68755 20544 71323
665 65405 47320 97607 39512 54418 83968 69942 81549 97825 2550
666 64710 9545 38337 84682 69698 34430 72167 54889 82425 33733
667 65461 40399 30507 59881 2383 13052 75381 32505 85111 56037
668 55436 40589 89944 52812 46147 28843 85728 29894 21652 70855
669 93572 78552 12300 79164 47007 76797 74278 42794 9567 6998
670 54090 57177 52254 99167 97854 31197 52161 29303 69378 78645
671 88912 45333 12681 55369 50490 5636 4468 89059 96869 8857
672 6869 63442 34868 64694 55209 25788 59009 2034 75559 40560
673 81016 74113 25828 80010 31467 82625 58639 29173 7746 707
674 27254 55997 62377 61730 92818 90936 49693 10882 78101 38829
675 88550 89016 79168 37784 25656 6755 37313 43045 23793 58189
676 22378 41199 67605 25359 24362 41800 43187 5131 41804 33675
677 76077 32012 66273 42465 15312 6624 43460 80460 77290 90055
678 18770 81963 5312 97641 45342 49177 43930 48674 56320 90867
679 58097 94238 46629 80297 29145 44050 33521 90982 17384 32532
680 18050 45792 81961 11324 75897 47781 86670 75669 49701 67648
681 54494 37306 90776 15818 37895 26316 40613 32060 78627 42585
682 77924 78533 53378 38069 42898 1175 27517 82950 10781 42080
683 61060 98232 99381 97879 32764 17022 68601 79292 17728 96731
684 63047 26295 16808 90414 2220 8439 69434 77511 20871 98272
685 87528 15894 39623 39477 89664 31632 56175 21905 16915 57199
686 93039 5052 12909 17489 25993 90135 33490 28080 80401 39396
687 79600 71699 52471 10148 15565 25281 5978 6266 91648 56617
688 10182 12914 14449 84277 97173 92026 88320 41756 45783 51535
689 23350 92968 39453 81156 18804 94428 90116 81558 17371 96654
690 23763 56690 21906 39566 6441 41709 78682 71046 33559 29807
691 39655 17117 17736 95016 86207 51161 77622 28345 26957 85558
692 12928 57615 47311 51827 80992 53019 78002 80058 83927 96092
693 32373 67259 23365 69329 59423 32408 61050 37191 33612 65946
694 60689 84570 80256 75483 43195 48916 6601 30453 5175 60266
695 17183 2851 89779 64782 62521 4252 41993 93638 94739 63855
696 77261 39969 12695 14586 65050 89801 98828 13856 6781 99966
697 67495 353 92792 1043 17768 97370 71348 51139 35148 70303
698 33570 42273 47903 45388 56853 4386 2011 23856 21615 30175
699 12265 36862 96965 28645 4337 76350 34246 88020 11471 56639
700 18712 72751 26551 92191 58439 9495 61502 36022 14453 27842
701 12869 62129 42974 90140 97249 78826 46694 93102 3400 1117
702 38344 88060 42801 92369 69759 56233 21159 29075 25345 41611
703 46452 42298 54511 78291 96405 67467 36922 15586 20945 28022
704 99638 24071 90003 12034 56241 91560 5691 65665 24749 80662
705 17259 38989 74454 75326 59259 33464 49265 84512 17138 34310
706 579 72977 77276 63848 31728 37503 88881 19263 5024 50364
707 28755 18946 87749 41158 94763 57703 47222 62995 90331 68810
708 53529 1572 30202 66761 54302 91205 23629 61980 86145 85775
709 73525 43320 23519 78993 14816 67421 50840 82875 36386 50164
710 51582 40894 40763 58959 28487 20752 53942 51283 4405 66520
711 62655 18635 96990 94575 64515 83251 73555 33436 84496 56741
712 1073 38983 55249 33462 67532 48561 62521 18487 94423 44848
713 58363 84761 19700 92387 65020 62830 85922 33976 62903 93844
714 7721 48251 96114 97819 97911 35555 96464 211 5499 27566
715 52628 7941 69085 86340 9402 67418 56274 92795 89833 1092
716 60090 11527 49008 46933 47839 14451 93516 23480 2081 83025
717 92694 98232 9778 65258 62469 13147 1472 47933 53800 63057
718 3541 84270 20686 39501 62608 7804 16364 38903 56145 56340
719 74012 9691 27044 80440 69885 6847 58272 91067 1383 41494
720 44989 24000 61499 77838 49028 49720 27054 97686 15179 90524
721 57734 19579 62668 30349 74735 65037 56791 92840 88531 4485
722 27903 9217 92861 31420 25813 76914 77663 34967 37083 31872
723 4709 29353 27292 27472 47946 90303 86214 92553 2035 1571
724 42433 3595 67196 95413 61169 90976 86199 15965 73762 4561
725 87059 21791 11320 59967 32250 35924 65141 45175 40176 20457
726 48608 69449 42172 59358 90101 8505 17068 53218 10697 40135
727 47120 77915 88305 51181 16389 49268 88561 9060 39702 1984
728 92951 71275 22373 60343 8876 89597 42640 42937 325 67811
729 82695 34878 49399 52764 50899 42571 98302 61461 81116 2343
730 83912 30779 43275 79013 81209 72842 29087 73407 14766 85593
731 27507 22578 51614 80132 27197 317 62441 98210 4410 90742
732 15130 71471 95171 52892 79062 58126 32052 821 53429 87250
733 79130 26833 85149 24812 61609 28715 286 4871 42603 61597
734 12009 3219 96879 43921 91308 90443 62622 99177 685 32060
735 77805 65395 15788 76999 99251 24843 30578 26785 44056 93900
736 88774 30979 24777 79265 88738 25971 10056 47203 51036 28345
737 4096 17967 75669 15593 67096 89596 81197 11581 87591 41428
738 34046 55893 86180 41660 97126 81350 53512 57844 90734 43438
739 18412 69039 19156 70904 63563 30862 10771 37216 1488 91332
740 59572 24649 39149 31445 78539 50017 57896 46859 9645 34206
741 36908 67838 1962 32146 51832 88321 76871 9303 87824 97957
742 98695 51859 99070 99203 81866 89964 72951 88504 3258 98213
743 9281 51326 67732 61099 2960 80493 28082 3098 7152 28741
744 44391 33807 75492 78013 10920 29563 26777 74492 10721 57504
745 33732 19786 1718 807 62528 14346 95729 81827 46818 436
746 11205 59866 39289 17369 39278 58488 5704 54075 30288 68079
747 27188 54586 4413 15256 36575 46077 82682 90299 18779 29618
748 97276 740 4053 27325 82114 52741 55188 81197 25867 65750
749 80685 58361 87973 44958 54396 37386 40930 81875 13097 86544
750 29717 73056 17573 73665 35285 45689 39080 14375 90412 8200
751 57191 23469 79719 5144 23184 32543 87958 10140 50736 64280
752 36578 97815 48908 17358 75763 45455 45586 56453 76758 41333
753 32183 14314 97661 20764 7571 53426 34341 77006 17987 16051
754 39899 94594 12268 6622 75912 82518 97794 34552 94047 93486
755 33602 34904 40685 17658 4307 346 95313 87399 23677 50726
756 57590 34644 26915 14536 92039 57801 59633 2353 64072 96615
757 6259 40439 92310 20712 42417 21818 25547 80739 21065 67410
758 76643 20435 64117 38694 55839 32379 41325 43838 44937 50831
759 85203 84012 55486 7883 44594 11524 31153 64707 82327 87575
760 41274 51271 9084 71784 89762 80847 22798 75512 4196 21545
761 26083 76794 65773 68482 35942 44123 90922 54421 63077 75750
762 8428 29403 42177 36630 6491 23994 95184 64275 87760 28368
763 43458 48427 57604 69813 24006 4522 15929 44736 2783 10801
764 62237 94273 57046 55795 54210 50467 12355 53686 19374 91941
765 96700 48 65951 34642 21893 76323 82103 97291 97749 3148
766 20148 28896 78621 97498 6056 81013 32105 76833 28821 96861
767 94567 93883 46902 64466 26526 75734 52837 57833 49574 10621
768 18978 63273 99622 4281 94314 28275 13902 79016 59972 89153
769 2540 64589 57127 76636 19263 66600 56489 17644 59198 61035
770 36478 58695 21110 62891 41266 97336 36820 89810 36552 117
771 28618 75292 50141 87156 1346 80743 2920 56117 12245 68968
772 31272 24072 400 79414 85946 87685 38563 34306 60820 46988
773 57753 96963 78332 24413 19647 32829 96195 45904 52411 92378
774 87063 66774 64697 4811 11949 12718 90978 88426 89492 34658
775 80705 37893 36339 1508 17798 17288 40785 32600 25109 19937
776 31662 49452 40400 86962 13472 30961 74442 48553 83028 33643
777 91246 39623 1931 26136 43456 52309 40184 76086 27685 30501
778 32942 77278 28602 5275 57628 16628 50039 62278 89068 71436
779 81325 65540 42279 50422 19243 32518 81072 78355 24699 31495
780 48478 43657 48833 98413 13575 33324 50039 35318 7642 79748
781 94044 96595 14560 99917 74128 18316 24988 7136 89672 37887
782 22468 58907 61053 79671 54878 52415 23975 72081 11589 63603
783 84890 94646 11202 71201 75083 8099 92313 5279 84983 8637
784 25601 43553 8628 34915 36217 52771 49824 91303 88459 21513
785 99345 89042 40358 29685 78627 96187 31732 7484 61784 48683
786 63552 6496 79508 18590 72036 10751 7457 85974 25407 76779
787 55572 38889 74312 87944 92094 60587 88313 68032 33197 98568
788 11854 13970 49683 74005 6300 2085 93094 14537 46311 95481
789 51031 50047 32997 82079 7604 45985 57912 55995 74763 8704
790 92839 12483 65675 18278 27814 22930 61547 68649 77738 24655
791 55139 72272 9268 14368 66924 60041 75111 10681 27725 88305
792 77 79264 88353 32715 31860 13105 30474 11960 40408 17966
793 21467 53613 7496 89593 73134 25714 12961 37354 6161 83233
794 49762 99499 86874 54935 94404 5903 78575 5921 95046 97156
795 6113 29587 50178 18778 63200 61782 57576 36655 44323 85826
796 1104 20167 36587 51332 65944 20215 72290 89246 97819 96958
797 27861 85164 18268 85205 78463 41330 47624 87985 98229 14781
798 19668 38785 87488 61120 69353 85914 6329 93629 85532 64170
799 20316 15491 86343 99186 9630 9129 35276 21419 10727 81727
800 86208 72622 99899 59124 77075 89221 54226 49212 15751 30944
801 89262 47715 69188 8719 33354 38642 43469 40459 78468 84828
802 80833 73045 81593 66791 62864 73689 59383 55501 56561 67835
803 67360 17883 23728 6506 83454 42029 89302 7770 64424 32085
804 16830 81399 43664 37882 33732 95938 94712 36283 74300 13797
805 73723 79497 44234 42325 54541 20833 26762 2476 75922 66603
806 98543 81129 56121 81546 57841 746 39997 20051 87670 44661
807 51450 82583 47378 48760 76719 68513 39994 54766 22101 76325
808 17743 29272 9765 71768 16225 96596 33965 32798 26249 8763
809 31818 38433 52731 60930 78716 21118 47612 46169 66692 919
810 74564 67184 77087 86511 11438 25273 11473 83063 38403 44453
811 38968 76752 1786 44216 69186 61380 10051 70484 34141 93484
812 45941 44892 40510 71253 5391 61078 66110 62679 29752 23344
813 67942 36627 98640 44088 57198 55749 50856 9700 17993 46706
814 9349 22087 83455 65285 51622 34088 71715 73607 72439 35197
815 19853 36408 71325 27682 36236 18419 88413 12594 12278 11029
816 76239 99619 81522 44626 1667 47597 57549 26557 49242 39517
817 96161 16490 7777 21245 52011 71782 93473 3213 531 47101
818 90481 86605 25778 90714 8391 7639 56708 97650 12079 16659
819 35515 86963 93489 81926 96185 10168 71225 90419 55345 70628
820 5772 75284 63244 71868 70460 21460 65248 55535 70096 53739
821 37200 71739 81111 65370 34565 76313 34395 53018 93378 25663
822 55337 61645 74021 46276 40829 29537 50345 87514 1018 42510
823 40572 94958 43427 78017 7313 38178 46592 67238 82964 7819
824 82325 33838 68254 14173 12052 99558 85544 93212 79214 63750
825 53963 68155 88643 4339 94945 93183 52312 23347 6581 39182
826 1165 77760 38590 10256 90089 23526 63048 88374 69591 78371
827 82428 52191 69706 45637 33414 17859 16204 41170 52413 91126
828 80615 79196 68260 25293 45846 82814 8222 84200 55119 22592
829 53574 18919 91321 41848 69351 6824 24005 95988 42924 76203
830 52225 99458 76554 5992 72457 52961 59097 87572 25044 50348
831 76425 46020 98934 57573 55612 45519 17420 4786 82553 46232
832 44201 82571 91245 20832 94705 22283 24457 26674 39908 93701
833 85250 43519 19061 61905 68601 63387 5366 85076 76095 17079
834 67740 74650 19182 47113 62771 99184 17448 73361 6702 27921
835 31840 77674 56446 45510 823 50570 97173 39076 26928 22290
836 85835 5282 9769 88942 31867 515 56208 95852 30866 97422
837 27731 22756 14127 28981 92027 66273 25276 8528 44919 58888
838 40684 94979 44340 89134 61954 68049 88203 13214 8437 22210
839 24501 45789 41196 48406 2279 87826 13664 33045 10291 82280
840 73426 89645 61039 3954 41389 51329 82337 31650 71869 31392
841 84726 5644 8932 25645 15920 98125 58066 75425 1060 27824
842 10452 91349 41348 71991 96471 19879 44950 79451 4703 17176
843 52660 57269 73754 68891 48186 36854 36084 12585 77373 21932
844 49091 64595 32712 51383 16770 76600 37041 17150 34115 91621
845 26495 17463 40690 29878 79231 17438 42098 42383 41351 58541
846 81822 9112 45560 98931 82136 54851 99603 92219 95728 92331
847 4758 24369 66515 44443 95264 13243 70221 46477 20170 98630
848 84742 13258 843 80123 42115 47514 31848 7965 31477 75405
849 2532 44823 92351 83069 78771 43372 80765 37545 80523 13498
850 2498 11701 45458 29968 82136 70073 90629 54315 92835 73679
851 77567 85410 5612 85902 34536 4321 69419 30251 95042 77227
852 10004 80290 69291 50307 90675 89579 81518 34553 83905 25492
853 56777 33554 70800 35009 93771 31634 25707 47427 27942 20912
854 87168 21939 99900 83134 59773 43556 60631 10101 38385 55358
855 21632 82616 95590 49570 63113 68796 10433 40411 20128 32651
856 6549 67802 71969 18258 13128 64993 83726 97162 75205 69688
857 12886 59819 14968 44590 76154 91399 3393 32480 71352 87386
858 57659 65778 32275 48148 92005 98360 94360 58775 82964 95705
859 35491 94976 31823 89359 59390 58644 33002 57154 65474 1985
860 45182 83469 82446 87884 85055 53195 54316 58319 4085 15601
861 88738 10670 63217 91725 45030 38775 14395 23098 33011 80905
862 43459 85119 55919 79283 51476 41587 22374 14783 64736 81103
863 36794 92085 95246 85736 67477 45660 563 81027 81080 59930
864 52217 20707 52979 10754 26863 24046 79117 2815 39403 77941
865 70763 2896 54955 84754 76428 35642 84655 22495 53605 25591
866 67390 75914 87344 79199 95084 94985 76197 88027 91988 27153
867 33315 83105 98250 65164 57394 53578 51347 21820 51411 33634
868 72825 43709 56259 52791 15031 12453 24009 80556 9045 46155
869 50133 26144 3811 75591 71402 39407 65145 78748 43265 40277
870 6642 12859 38358 94556 24972 73792 22807 60959 79166 40977
871 21131 58594 44196 71461 30243 37212 22876 62247 2078 7998
872 28101 3242 40239 87927 10660 59621 95872 34216 89849 52261
873 38604 22549 61384 98123 26715 75701 33646 8822 99542 61749
874 34713 79049 9252 33788 75399 14727 79490 2986 81230 66606
875 93669 51372 31114 2038 75143 79223 97784 24327 66790 53285
876 99372 62121 16564 49194 58697 12322 80047 17784 86430 35857
877 75300 86107 77069 33201 13246 48571 4863 19146 21400 47947
878 64105 12096 87517 82449 11146 17466 154 94306 46603 43568
879 28453 98107 4366 40110 53424 38008 34048 95047 35617 32579
880 44765 40775 19884 61224 33412 94219 43311 75345 8608 74221
881 69030 35123 48876 21629 15428 66171 83429 86114 47176 7112
882 70310 20665 45665 21329 11902 26233 74958 77422 18691 43090
883 50706 16105 52711 98040 87678 95331 18060 90873 72351 36465
884 23699 88951 22665 67696 7818 92639 23978 85890 47843 29894
885 47281 95781 47744 75905 58523 4528 80281 1538 27757 491
886 39044 47462 6444 63081 85540 11828 26504 14450 96402 48109
887 60048 30748 97246 41639 21537 46536 89352 23465 9721 160
888 70706 3312 95963 34587 29430 75719 35337 19192 35464 89091
889 18732 73767 394 53358 20260 86276 97618 77167 84329 22640
890 97915 91604 61279 83067 8298 41465 4049 86131 49478 79972
891 45573 27195 71603 168 76316 65003 43417 7589 57269 37406
892 42696 38711 58654 36649 20625 23802 21518 93970 59709 90553
893 77816 81735 89318 55591 23166 65294 45803 278 40718 47594
894 51943 44052 35552 16337 37827 90519 49950 18943 3961 94049
895 57312 60708 74624 68044 16962 68442 58544 52769 36612 77857
896 13891 2257 29815 2178 85047 12426 26294 4859 34079 74091
897 46283 80997 22904 42071 49597 30107 34989 42641 21377 84616
898 73067 18295 97576 13952 41926 68697 47570 53987 35725 71362
899 50951 43430 54559 22445 60944 96846 42988 38872 78265 93400
900 31729 23281 30148 6495 4750 78341 56503 98573 47118 58758
901 21131 7738 24112 89582 45345 57161 38858 14616 42072 86066
902 4557 62392 87058 47468 837 56678 36814 10138 8879 79845
903 7233 68846 73834 60348 91315 63995 57305 73434 85966 62498
904 68513 13696 30795 44329 74402 25468 48560 20804 99112 99891
905 53991 34838 78064 14323 72496 88749 58355 36286 88512 93051
906 22090 63899 42175 53791 44479 587 64149 40252 2948 52336
907 44024 39474 84709 7999 84562 69765 38475 69948 82118 91114
908 94688 36237 38350 57037 38975 72795 36819 88658 44466 81676
909 66123 52299 45588 36911 5233 20221 53449 29991 69349 29443
910 94884 2226 55828 56192 25019 12362 20988 66844 31453 24164
911 3872 63427 71701 40873 20485 72309 69465 22234 51559 49111
912 21405 29455 4252 17956 85611 29822 93841 82392 22503 71187
913 1830 49403 4711 63854 59184 16240 50914 7945 45102 90496
914 63351 35933 88740 83950 46581 20312 80294 26026 54620 55134
915 48776 30078 10371 22071 90230 42912 61489 16422 54664 35860
916 91052 71737 94354 26212 53730 68430 30040 89893 12074 65185
917 65376 50746 80010 37059 84401 2144 94917 68128 90140 72008
918 85718 84866 49383 73855 80262 8908 67187 39355 30991 57406
919 77560 6658 82037 90664 88942 75406 89438 45494 9400 4819
920 4342 37167 25312 77489 11491 79702 48754 52262 54957 4852
921 79966 26898 66899 93376 94149 4337 77447 8779 80022 54363
922 35233 61525 79089 86393 48566 33748 6612 46845 13701 71913
923 26717 51674 32667 55248 15373 82065 16994 47606 22471 50885
924 24842 16272 19334 48339 83707 53830 51699 36834 91542 87676
925 33693 67396 43557 50204 69258 64677 69992 97586 19651 30940
926 51059 1616 62344 90628 30221 69298 91961 12494 40123 44815
927 22909 3239 27722 88152 8096 50216 40671 78156 46885 32037
928 59284 60229 2634 37602 9491 41070 74298 34096 93336 95070
929 50025 74 11430 21559 79040 2173 11548 94434 42372 16119
930 52402 30846 78101 55676 10699 22685 62092 63686 30466 6563
931 25713 62857 70462 62939 29703 38103 35660 19360 62807 78611
932 74857 49545 56295 75064 91922 35762 47895 9376 83429 3956
933 85777 50398 9760 15820 70805 76507 47768 99651 66093 77539
934 69348 56558 51019 89431 69277 15555 68148 40691 86254 1191
935 96257 14769 72574 27458 8670 92946 95055 4947 64291 15525
936 37097 54463 38620 29976 35194 65381 37218 20193 36051 54637
937 35702 33552 48632 16797 41190 18126 8255 48205 30480 7963
938 54817 84141 98718 9527 33879 25751 60102 14287 70994 63944
939 42332 35844 21403 9189 55924 59778 56226 93821 57086 64213
940 97815 13614 82371 77930 34646 59829 6734 5504 22563 75525
941 67644 89720 98537 10898 21580 97951 78631 88720 12039 84366
942 37984 76244 35698 40417 3165 29629 43135 79024 63009 45854
943 77207 32745 27176 53491 44800 11385 72490 33418 63869 87018
944 96472 53272 21368 52982 15844 29803 67232 54541 50630 25846
945 66666 9909 66379 98010 8416 25044 25186 8115 95673 58231
946 96792 79472 44152 38027 11308 91070 40178 69415 32521 93589
947 13490 71040 30745 28610 82044 63450 61206 30243 12362 27428
948 87090 27534 77380 27457 97189 869 56112 18469 83852 19831
949 75791 95707 1982 50082 68199 3495 79064 46739 47052 85559
950 38884 70703 57072 97648 83835 55899 19107 7093 22292 40042
951 21139 33243 26607 20934 21249 66170 21980 80949 41693 29453
952 33188 77863 50323 24032 89937 77087 58405 47504 88141 54579
953 68131 93369 92341 79104 73587 49179 48734 52711 24079 93912
954 19233 87995 6049 772 70056 73033 84837 30828 21062 15918
955 24387 78115 40051 68935 31203 29892 69658 34011 64851 31765
956 58523 27946 21825 59005 17382 79301 22848 11988 26125 41523
957 50464 92450 31192 48036 6066 30502 10422 6750 84162 56330
958 55014 34305 31302 67825 28211 66053 96209 80818 92178 2192
959 7444 28033 64040 49940 25746 16679 69169 67435 77215 96321
960 75555 14954 92522 79510 62878 75340 56996 68010 46144 75606
961 71805 42392 91254 21455 56986 6259 14080 6313 53817 47669
962 57364 60977 58876 26213 95674 84583 54779 80069 86537 23414
963 17288 17895 3722 91294 80538 26510 15873 38441 99848 92927
964 86344 3185 44289 37050 15136 53424 81960 10523 36638 50250
965 41795 21102 62168 49069 15919 30147 75930 91701 66400 72923
966 1639 95614 92208 21624 49165 92435 12172 57075 65884 72525
967 8251 60789 71294 57951 35409 9203 36675 26959 54164 21019
968 5106 74577 30494 30239 10510 56573 73369 11471 56602 16675
969 39718 2896 92968 12308 58514 83254 75841 65296 88084 66979
970 84302 57347 48553 47910 75639 33419 14873 40447 16367 8593
971 27974 19917 22523 65231 33143 6192 12387 85906 79349 84592
972 83184 48338 58093 83348 71124 32281 25417 98058 16900 35434
973 16010 30754 4782 20481 44941 5018 1563 89751 71660 20564
974 52368 74776 76468 68550 74899 71465 73306 84207 84591 56664
975 9322 29179 3577 22406 10514 37638 60724 7760 40672 47856
976 14606 32386 8003 8774 11587 30596 24914 73972 14767 35879
977 30649 10512 28714 88717 24369 78250 24724 57645 47586 12265
978 2869 80134 88101 58081 20132 8150 40364 37283 69595 52409
979 30799 88096 29756 6144 95894 84674 17115 72936 93624 56815
980 9525 69655 76206 67992 78553 29495 20416 72389 84885 64721
981 10193 12308 8401 17833 68780 61736 21357 26468 25515 44757
982 8443 57437 27144 16510 31511 5235 75162 3904 60788 39576
983 56117 46254 77454 43336 61895 93463 85836 31575 44038 36881
984 83764 11102 31159 79726 15808 2162 83044 31558 17834 3447
985 3887 79335 28296 90558 10053 12403 30714 26954 86527 4480
986 65148 66726 96940 94722 60369 16904 67857 16074 72421 51402
987 79349 37908 40755 51776 38938 42471 89764 882 57105 37414
988 39168 44134 80513 70864 21352 59362 53534 13040 42785 88991
989 17585 60175 87770 76312 58676 41552 89092 50897 19157 96796
990 10358 68555 27551 24268 11891 69533 62809 37176 35920 1372
991 59258 43745 84230 37756 49730 90767 17398 57661 49643 25677
992 53311 80978 94132 4787 33581 7961 2648 11604 36056 33141
993 19997 37840 11480 15402 28736 64960 81535 91069 91534 94993
994 39401 2622 5683 85494 13649 40326 89832 70029 8696 15977
995 98634 52954 67918 12291 98263 9457 83256 43408 66501 55226
996 82904 10475 16463 40501 46509 69256 14454 52868 23257 88322
997 93320 40080 8778 4939 43230 59007 17864 84800 60916 80297
998 63487 11292 59689 72256 50267 13849 81133 67112 24986 64138
999 27301 13902 36002 59729 20528 55544 81904 7057 81985 80293
